420075C   63   1   u     0    0    0   0   HF   -41    1   1
420075C   63   1   u     0    0    0   1   HF   -40    1   1
420075C   63   1   u     0    0    0   2   HF   -39    1   1
420075C   63   1   u     0    0    0   3   HF   -38    1   1
420075C   63   1   u     0    0    0   4   HF   -37    1   1
420075C   63   1   u     0    0    0   5   HF   -36    1   1
420075C   63   1   u     0    0    1   0   HF   -35    1   1
420075C   63   1   u     0    0    1   1   HF   -34    1   1
420075C   63   1   u     0    0    1   2   HF   -33    1   1
420075C   63   1   u     0    0    1   3   HF   -32    1   1
420075C   63   1   u     0    0    1   4   HF   -31    1   1
420075C   63   1   u     0    0    1   5   HF   -30    1   1
420075C   63   1   u     0    0    2   0   HF   -29    1   1
420075C   63   1   u     0    0    2   1   HF   -28    1   1
420075C   63   1   u     0    0    2   2   HF   -27    1   1
420075C   63   1   u     0    0    2   3   HF   -26    1   1
420075C   63   1   u     0    0    2   4   HF   -25    1   1
420075C   63   1   u     0    0    2   5   HF   -24    1   1
420075C   63   1   u     0    0    3   0   HF   -23    1   1
420075C   63   1   u     0    0    3   1   HF   -22    1   1
420075C   63   1   u     0    0    3   2   HF   -21    1   1
420075C   63   1   u     0    0    3   3   HF   -20    1   1
420075C   63   1   u     0    0    3   4   HF   -19    1   1
420075C   63   1   u     0    0    3   5   HF   -18    1   1
420075C   63   1   u     0    0    4   0   HF   -17    1   1
420075C   63   1   u     0    0    4   1   HF   -16    1   1
420075C   63   1   u     0    0    4   2   HF   -15    1   1
420075C   63   1   u     0    0    4   3   HF   -14    1   1
420075C   63   1   u     0    0    4   4   HF   -13    1   1
420075C   63   1   u     0    0    4   5   HF   -12    1   1
420075C   63   1   u     0    0    5   0   HF   -11    1   1
420075C   63   1   u     0    0    5   1   HF   -10    1   1
420075C   63   1   u     0    0    5   2   HF   -9    1   1
420075C   63   1   u     0    0    5   3   HF   -8    1   1
420075C   63   1   u     0    0    5   4   HF   -7    1   1
420075C   63   1   u     0    0    5   5   HF   -6    1   1
420075C   63   1   u     0    0    6   0   HF   -5    1   1
420075C   63   1   u     0    0    6   1   HF   -4    1   1
420075C   63   1   u     0    0    6   2   HF   -3    1   1
420075C   63   1   u     0    0    6   3   HF   -2    1   1
420075C   63   1   u     0    0    6   4   HF   -1    1   1
420075C   63   1   u     0    0    6   5   HF   0    1   1
420075C   63   1   u     0    0    7   0   HF   1    1   1
420075C   63   1   u     0    0    7   1   HF   2    1   1
420075C   63   1   u     0    0    7   2   HF   3    1   1
420075C   63   1   u     0    0    7   3   HF   4    1   1
420075C   63   1   u     0    0    7   4   HF   5    1   1
420075C   63   1   u     0    0    7   5   HF   6    1   1
420075C   63   1   u     0    0    8   0   HF   7    1   1
420075C   63   1   u     0    0    8   1   HF   8    1   1
420075C   63   1   u     0    0    8   2   HF   9    1   1
420075C   63   1   u     0    0    8   3   HF   10    1   1
420075C   63   1   u     0    0    8   4   HF   11    1   1
420075C   63   1   u     0    0    8   5   HF   12    1   1
420075C   63   1   u     0    0    9   0   HF   13    1   1
420075C   63   1   u     0    0    9   1   HF   14    1   1
420075C   63   1   u     0    0    9   2   HF   15    1   1
420075C   63   1   u     0    0    9   3   HF   16    1   1
420075C   63   1   u     0    0    9   4   HF   17    1   1
420075C   63   1   u     0    0    9   5   HF   18    1   1
420075C   63   1   u     0    0    10   0   HF   19    1   1
420075C   63   1   u     0    0    10   1   HF   20    1   1
420075C   63   1   u     0    0    10   2   HF   21    1   1
420075C   63   1   u     0    0    10   3   HF   22    1   1
420075C   63   1   u     0    0    10   4   HF   23    1   1
420075C   63   1   u     0    0    10   5   HF   24    1   1
420075C   63   1   u     0    0    11   0   HF   25    1   1
420075C   63   1   u     0    0    11   1   HF   26    1   1
420075C   63   1   u     0    0    11   2   HF   27    1   1
420075C   63   1   u     0    0    11   3   HF   28    1   1
420075C   63   1   u     0    0    11   4   HF   29    1   1
420075C   63   1   u     0    0    11   5   HF   30    1   1
420075C   63   1   u     0    0    12   0   HF   31    1   1
420075C   63   1   u     0    0    12   1   HF   32    1   1
420075C   63   1   u     0    0    12   2   HF   33    1   1
420075C   63   1   u     0    0    12   3   HF   34    1   1
420075C   63   1   u     0    0    12   4   HF   35    1   1
420075C   63   1   u     0    0    12   5   HF   36    1   1
420075C   63   1   u     0    0    13   0   HF   37    1   1
420075C   63   1   u     0    0    13   1   HF   38    1   1
420075C   63   1   u     0    0    13   2   HF   39    1   1
420075C   63   1   u     0    0    13   3   HF   40    1   1
420075C   63   1   u     0    0    13   4   HF   41    1   1
420075C   63   1   u     0    0    13   5   HF   -41    2   1
420075C   63   1   u     0    0    14   0   HF   -40    2   1
420075C   63   1   u     0    0    14   1   HF   -39    2   1
420075C   63   1   u     0    0    14   2   HF   -38    2   1
420075C   63   1   u     0    0    14   3   HF   -37    2   1
420075C   63   1   u     0    0    14   4   HF   -36    2   1
420075C   63   1   u     0    0    14   5   HF   -35    2   1
420075C   63   1   u     0    0    15   0   HF   -34    2   1
420075C   63   1   u     0    0    15   1   HF   -33    2   1
420075C   63   1   u     0    0    15   2   HF   -32    2   1
420075C   63   1   u     0    0    15   3   HF   -31    2   1
420075C   63   1   u     0    0    15   4   HF   -30    2   1
420075C   63   1   u     0    0    15   5   HF   -29    2   1
420075C   63   1   u     0    0    16   0   HF   -28    2   1
420075C   63   1   u     0    0    16   1   HF   -27    2   1
420075C   63   1   u     0    0    16   2   HF   -26    2   1
420075C   63   1   u     0    0    16   3   HF   -25    2   1
420075C   63   1   u     0    0    16   4   HF   -24    2   1
420075C   63   1   u     0    0    16   5   HF   -23    2   1
420075C   63   1   u     0    0    17   0   HF   -22    2   1
420075C   63   1   u     0    0    17   1   HF   -21    2   1
420075C   63   1   u     0    0    17   2   HF   -20    2   1
420075C   63   1   u     0    0    17   3   HF   -19    2   1
420075C   63   1   u     0    0    17   4   HF   -18    2   1
420075C   63   1   u     0    0    17   5   HF   -17    2   1
420075C   63   1   u     0    0    18   0   HF   -16    2   1
420075C   63   1   u     0    0    18   1   HF   -15    2   1
420075C   63   1   u     0    0    18   2   HF   -14    2   1
420075C   63   1   u     0    0    18   3   HF   -13    2   1
420075C   63   1   u     0    0    18   4   HF   -12    2   1
420075C   63   1   u     0    0    18   5   HF   -11    2   1
420075C   63   1   u     0    0    19   0   HF   -10    2   1
420075C   63   1   u     0    0    19   1   HF   -9    2   1
420075C   63   1   u     0    0    19   2   HF   -8    2   1
420075C   63   1   u     0    0    19   3   HF   -7    2   1
420075C   63   1   u     0    0    19   4   HF   -6    2   1
420075C   63   1   u     0    0    19   5   HF   -5    2   1
420075C   63   1   u     0    0    20   0   HF   -4    2   1
420075C   63   1   u     0    0    20   1   HF   -3    2   1
420075C   63   1   u     0    0    20   2   HF   -2    2   1
420075C   63   1   u     0    0    20   3   HF   -1    2   1
420075C   63   1   u     0    0    20   4   HF   0    2   1
420075C   63   1   u     0    0    20   5   HF   1    2   1
420075C   63   1   u     0    0    21   0   HF   2    2   1
420075C   63   1   u     0    0    21   1   HF   3    2   1
420075C   63   1   u     0    0    21   2   HF   4    2   1
420075C   63   1   u     0    0    21   3   HF   5    2   1
420075C   63   1   u     0    0    21   4   HF   6    2   1
420075C   63   1   u     0    0    21   5   HF   7    2   1
420075C   63   1   u     0    0    22   0   HF   8    2   1
420075C   63   1   u     0    0    22   1   HF   9    2   1
420075C   63   1   u     0    0    22   2   HF   10    2   1
420075C   63   1   u     0    0    22   3   HF   11    2   1
420075C   63   1   u     0    0    22   4   HF   12    2   1
420075C   63   1   u     0    0    22   5   HF   13    2   1
420075C   63   1   u     0    0    23   0   HF   14    2   1
420075C   63   1   u     0    0    23   1   HF   15    2   1
420075C   63   1   u     0    0    23   2   HF   16    2   1
420075C   63   1   u     0    0    23   3   HF   17    2   1
420075C   63   1   u     0    0    23   4   HF   18    2   1
420075C   63   1   u     0    0    23   5   HF   19    2   1
420075C   63   2   u     0    0    0   0   HF   20    2   1
420075C   63   2   u     0    0    0   1   HF   21    2   1
420075C   63   2   u     0    0    0   2   HF   22    2   1
420075C   63   2   u     0    0    0   3   HF   23    2   1
420075C   63   2   u     0    0    0   4   HF   24    2   1
420075C   63   2   u     0    0    0   5   HF   25    2   1
420075C   63   2   u     0    0    1   0   HF   26    2   1
420075C   63   2   u     0    0    1   1   HF   27    2   1
420075C   63   2   u     0    0    1   2   HF   28    2   1
420075C   63   2   u     0    0    1   3   HF   29    2   1
420075C   63   2   u     0    0    1   4   HF   30    2   1
420075C   63   2   u     0    0    1   5   HF   31    2   1
420075C   63   2   u     0    0    2   0   HF   32    2   1
420075C   63   2   u     0    0    2   1   HF   33    2   1
420075C   63   2   u     0    0    2   2   HF   34    2   1
420075C   63   2   u     0    0    2   3   HF   35    2   1
420075C   63   2   u     0    0    2   4   HF   36    2   1
420075C   63   2   u     0    0    2   5   HF   37    2   1
420075C   63   2   u     0    0    3   0   HF   38    2   1
420075C   63   2   u     0    0    3   1   HF   39    2   1
420075C   63   2   u     0    0    3   2   HF   40    2   1
420075C   63   2   u     0    0    3   3   HF   41    2   1
420075C   63   2   u     0    0    3   4   HF   -41    3   1
420075C   63   2   u     0    0    3   5   HF   -40    3   1
420075C   63   2   u     0    0    4   0   HF   -39    3   1
420075C   63   2   u     0    0    4   1   HF   -38    3   1
420075C   63   2   u     0    0    4   2   HF   -37    3   1
420075C   63   2   u     0    0    4   3   HF   -36    3   1
420075C   63   2   u     0    0    4   4   HF   -35    3   1
420075C   63   2   u     0    0    4   5   HF   -34    3   1
420075C   63   2   u     0    0    5   0   HF   -33    3   1
420075C   63   2   u     0    0    5   1   HF   -32    3   1
420075C   63   2   u     0    0    5   2   HF   -31    3   1
420075C   63   2   u     0    0    5   3   HF   -30    3   1
420075C   63   2   u     0    0    5   4   HF   -29    3   1
420075C   63   2   u     0    0    5   5   HF   -28    3   1
420075C   63   2   u     0    0    6   0   HF   -27    3   1
420075C   63   2   u     0    0    6   1   HF   -26    3   1
420075C   63   2   u     0    0    6   2   HF   -25    3   1
420075C   63   2   u     0    0    6   3   HF   -24    3   1
420075C   63   2   u     0    0    6   4   HF   -23    3   1
420075C   63   2   u     0    0    6   5   HF   -22    3   1
420075C   63   2   u     0    0    7   0   HF   -21    3   1
420075C   63   2   u     0    0    7   1   HF   -20    3   1
420075C   63   2   u     0    0    7   2   HF   -19    3   1
420075C   63   2   u     0    0    7   3   HF   -18    3   1
420075C   63   2   u     0    0    7   4   HF   -17    3   1
420075C   63   2   u     0    0    7   5   HF   -16    3   1
420075C   63   2   u     0    0    8   0   HF   -15    3   1
420075C   63   2   u     0    0    8   1   HF   -14    3   1
420075C   63   2   u     0    0    8   2   HF   -13    3   1
420075C   63   2   u     0    0    8   3   HF   -12    3   1
420075C   63   2   u     0    0    8   4   HF   -11    3   1
420075C   63   2   u     0    0    8   5   HF   -10    3   1
420075C   63   2   u     0    0    9   0   HF   -9    3   1
420075C   63   2   u     0    0    9   1   HF   -8    3   1
420075C   63   2   u     0    0    9   2   HF   -7    3   1
420075C   63   2   u     0    0    9   3   HF   -6    3   1
420075C   63   2   u     0    0    9   4   HF   -5    3   1
420075C   63   2   u     0    0    9   5   HF   -4    3   1
420075C   63   2   u     0    0    10   0   HF   -3    3   1
420075C   63   2   u     0    0    10   1   HF   -2    3   1
420075C   63   2   u     0    0    10   2   HF   -1    3   1
420075C   63   2   u     0    0    10   3   HF   0    3   1
420075C   63   2   u     0    0    10   4   HF   1    3   1
420075C   63   2   u     0    0    10   5   HF   2    3   1
420075C   63   2   u     0    0    11   0   HF   3    3   1
420075C   63   2   u     0    0    11   1   HF   4    3   1
420075C   63   2   u     0    0    11   2   HF   5    3   1
420075C   63   2   u     0    0    11   3   HF   6    3   1
420075C   63   2   u     0    0    11   4   HF   7    3   1
420075C   63   2   u     0    0    11   5   HF   8    3   1
420075C   63   2   u     0    0    12   0   HF   9    3   1
420075C   63   2   u     0    0    12   1   HF   10    3   1
420075C   63   2   u     0    0    12   2   HF   11    3   1
420075C   63   2   u     0    0    12   3   HF   12    3   1
420075C   63   2   u     0    0    12   4   HF   13    3   1
420075C   63   2   u     0    0    12   5   HF   14    3   1
420075C   63   2   u     0    0    13   0   HF   15    3   1
420075C   63   2   u     0    0    13   1   HF   16    3   1
420075C   63   2   u     0    0    13   2   HF   17    3   1
420075C   63   2   u     0    0    13   3   HF   18    3   1
420075C   63   2   u     0    0    13   4   HF   19    3   1
420075C   63   2   u     0    0    13   5   HF   20    3   1
420075C   63   2   u     0    0    14   0   HF   21    3   1
420075C   63   2   u     0    0    14   1   HF   22    3   1
420075C   63   2   u     0    0    14   2   HF   23    3   1
420075C   63   2   u     0    0    14   3   HF   24    3   1
420075C   63   2   u     0    0    14   4   HF   25    3   1
420075C   63   2   u     0    0    14   5   HF   26    3   1
420075C   63   2   u     0    0    15   0   HF   27    3   1
420075C   63   2   u     0    0    15   1   HF   28    3   1
420075C   63   2   u     0    0    15   2   HF   29    3   1
420075C   63   2   u     0    0    15   3   HF   30    3   1
420075C   63   2   u     0    0    15   4   HF   31    3   1
420075C   63   2   u     0    0    15   5   HF   32    3   1
420075C   63   2   u     0    0    16   0   HF   33    3   1
420075C   63   2   u     0    0    16   1   HF   34    3   1
420075C   63   2   u     0    0    16   2   HF   35    3   1
420075C   63   2   u     0    0    16   3   HF   36    3   1
420075C   63   2   u     0    0    16   4   HF   37    3   1
420075C   63   2   u     0    0    16   5   HF   38    3   1
420075C   63   2   u     0    0    17   0   HF   39    3   1
420075C   63   2   u     0    0    17   1   HF   40    3   1
420075C   63   2   u     0    0    17   2   HF   41    3   1
420075C   63   2   u     0    0    17   3   HF   -41    4   1
420075C   63   2   u     0    0    17   4   HF   -40    4   1
420075C   63   2   u     0    0    17   5   HF   -39    4   1
420075C   63   2   u     0    0    18   0   HF   -38    4   1
420075C   63   2   u     0    0    18   1   HF   -37    4   1
420075C   63   2   u     0    0    18   2   HF   -36    4   1
420075C   63   2   u     0    0    18   3   HF   -35    4   1
420075C   63   2   u     0    0    18   4   HF   -34    4   1
420075C   63   2   u     0    0    18   5   HF   -33    4   1
420075C   63   2   u     0    0    19   0   HF   -32    4   1
420075C   63   2   u     0    0    19   1   HF   -31    4   1
420075C   63   2   u     0    0    19   2   HF   -30    4   1
420075C   63   2   u     0    0    19   3   HF   -29    4   1
420075C   63   2   u     0    0    19   4   HF   -28    4   1
420075C   63   2   u     0    0    19   5   HF   -27    4   1
420075C   63   2   u     0    0    20   0   HF   -26    4   1
420075C   63   2   u     0    0    20   1   HF   -25    4   1
420075C   63   2   u     0    0    20   2   HF   -24    4   1
420075C   63   2   u     0    0    20   3   HF   -23    4   1
420075C   63   2   u     0    0    20   4   HF   -22    4   1
420075C   63   2   u     0    0    20   5   HF   -21    4   1
420075C   63   2   u     0    0    21   0   HF   -20    4   1
420075C   63   2   u     0    0    21   1   HF   -19    4   1
420075C   63   2   u     0    0    21   2   HF   -18    4   1
420075C   63   2   u     0    0    21   3   HF   -17    4   1
420075C   63   2   u     0    0    21   4   HF   -16    4   1
420075C   63   2   u     0    0    21   5   HF   -15    4   1
420075C   63   2   u     0    0    22   0   HF   -14    4   1
420075C   63   2   u     0    0    22   1   HF   -13    4   1
420075C   63   2   u     0    0    22   2   HF   -12    4   1
420075C   63   2   u     0    0    22   3   HF   -11    4   1
420075C   63   2   u     0    0    22   4   HF   -10    4   1
420075C   63   2   u     0    0    22   5   HF   -9    4   1
420075C   63   2   u     0    0    23   0   HF   -8    4   1
420075C   63   2   u     0    0    23   1   HF   -7    4   1
420075C   63   2   u     0    0    23   2   HF   -6    4   1
420075C   63   2   u     0    0    23   3   HF   -5    4   1
420075C   63   2   u     0    0    23   4   HF   -4    4   1
420075C   63   2   u     0    0    23   5   HF   -3    4   1
